1, 14,23   3,06   127   2,8      5,64   3,92 
1, 13,2    2,76   100   2,65     4,38   3,4
1, 13,16   3,24   101   2,8      5,68   3,17
1, 14,37   3,49   113   3,85     7,8    3,45
1, 13,24   2,69   118   2,8      4,32   2,93
1, 14,2    3,39   112   3,27     6,75   2,85
1, 14,39   2,52   96    2,5      5,25   3,58
1, 14,06   2,51   121   2,6      5,05   3,58
1, 14,83   2,98   97    2,8      5,2    2,85
1, 13,86   3,15   98    2,98     7,22   3,55
1, 14,1    3,32   105   2,95     5,75   3,17
1, 14,12   2,43   95    2,2      5,0    2,82
1, 13,75   2,76   89    2,6      5,6    2,9
1, 14,75   3,69   91    3,1      5,4    2,73
1, 13,63   2,91   112   2,85     7,3    2,88
1, 14,3    3,14   120   2,8      6,2    2,65
1, 14,19   3,93   108   3,3      8,7    2,82
1, 13,64   3,03   116   2,7      5,1    3,36
1, 14,06   3,17   126   3,0      5,65   3,71
1, 12,93   2,41   102   2,41     4,5    3,52
1, 13,71   2,88   101   2,61     3,8    4,0
1, 12,85   2,37   95    2,48     3,93   3,63
1, 13,5    2,61   96    2,53     3,52   3,82
1, 13,05   2,68   124   2,63     3,58   3,2
1, 13,39   2,94   93    2,85     4,8    3,22
1, 13,3    2,19   94    2,4      3,95   2,77
1, 13,87   2,97   107   2,95     4,5    3,4
1, 14,02   2,33   96    2,65     4,7    3,59
1, 13,73   3,25   101   3,0      5,7    2,71
1, 13,58   3,19   106   2,86     6,9    2,88
1, 13,68   2,69   104   2,42     3,84   2,87
1, 13,76   2,74   132   2,95     5,4    3,0
1, 13,51   2,53   110   2,35     4,2    2,87
1, 13,48   2,98   100   2,7      5,1    3,47
1, 13,28   2,68   110   2,6      4,6    2,78
1, 13,05   2,43   98    2,45     4,25   2,51
1, 14,22   3,04   128   3,0      5,1    3,53
1, 13,56   3,29   117   3,15     6,13   3,38
1, 13,41   2,68   90    2,45     4,28   3,00
1, 13,88   3,56   101   3,25     5,43   3,56
1, 13,24   2,63   103   2,64     4,36   3,0
1, 14,21   2,65   111   2,85     5,24   3,33
1, 14,38   3,17   102   3,25     4,9    3,44
1, 13,9    3,39   101   3,1      6,1    3,33
1, 14,1    2,92   103   2,75     6,2    2,75
1, 13,94   3,54   108   2,88     8,90   3,1 
1, 13,05   3,27   92    2,72     7,2    2,91
1, 13,83   2,99   94    2,45     5,6    3,37
1, 13,82   3,74   111   3,88     7,05   3,26
1, 13,77   2,79   115   3,0      6,3    2,93
1, 13,74   2,9    118   2,6      5,85   3,2
1, 13,56   2,78   116   2,96     6,25   3,03
1, 14,22   3      18    2,0      6,38   3,31
1, 13,72   3,67   108   3,4      6,8    2,87
2, 12,33   1,09   101   2,05     3,27   1,67
2, 12,64   1,41   100   2,02     5,75   1,59
2, 13,67   1,79   94    2,1      3,8    2,46
2, 12,37   3,1    87    3,5      4,45   2,87
2, 12,17   1,75   104   1,89     2,95   2,23
2, 12,37   2,65   98    2,42     4,6    2,3 
2, 13,11   3,18   78    2,98     5,3    3,18
2, 12,37   2      78    2,11     4,68   3,4
2, 13,34   1,3    110   2,53     3,17   1,93 
2, 12,21   1,28   151   1,85     2,85   3,07 
2, 12,29   1,02   103   1,1      3,05   1,82 
2, 13,49   1,84   87    1,88     3,74   2,78 
2, 11,96   2,14   101   3,38     3,21   3,13
2, 11,66   1,57   97    1,61     3,8    2,14
2, 13,03   2,03   86    1,95     4,6    2,48
2, 11,84   1,32   112   1,72     2,65   2,52
2, 12,7    2,55   101   2,83     2,57   3,13
2, 12      2,26   86    2,42     2,5    3 12
2, 12,72   2,53   86    2,2      3,9    3,14
2, 12,08   1,58   78    2,0      2,2    2,72
2, 13,05   1,59   85    1,65     4,8    2,01
2, 11,84   2,21   94    2,2      3,05   3,08
2, 12,67   1,94   99    2,2      2,62   3,16
2, 12,16   1,69   90    1,78     2,45   2,26
2, 11,65   1,61   88    1,92     2,6    3,21
2, 11,64   1,69   84    1,95     2,8    2,75
2, 12,08   1,59   70    2,2      1,74   3,21
2, 12,08   1,5    81    1,6      2,4    2,27
2, 12      1,25   86    1,45     3,6    2 65
2, 12,69   1,46   80    1,38     3,05   2,06
2, 12,29   2,25   88    2,45     2,15   3,3 
2, 11,62   2,26   98    3,02     3,25   2,96
2, 12,29   2,5    85    2,55     2,9    2,74
2, 12,37   3,75   88    3,52     4,5    2,77
2, 12,29   2,99   88    2,85     2,3    2,83
2, 12,08   2,17   97    2,23     3,3    2,96
2, 12,6    1,36   88    1,45     2,45   2,77
2, 12,34   2,11   98    2,56     2,8    3,38
2, 11,82   1,64   86    2,5      2,06   2,44
2, 12,51   1,92   85    2,2      2,94   3,57
2, 12,42   1,84   90    1,68     2,7    3,3 
2, 12,25   2,03   80    1,65     3,4    3,17
2, 12,72   1,76   84    1,38     3,3    2,42
2, 11,61   2,92   94    2,74     2,65   3,26
2, 11,46   2,58   107   3,18     2,9    2,81
2, 12,52   2,27   88    2,55     2,0    2,78
2, 11,76   2,03   103   1,75     3,8    2,5 
2, 11,41   2,01   88    2,48     3,08   2,31
2, 12,08   2,29   84    2,56     2,9    3,19
2, 11,03   2,17   85    2,46     1,9    2,87
2, 11,82   1,6    86    1,98     1,95   3,33
2, 12,42   2,09   108   2,0      2,06   2,96
2, 12,77   1,25   80    1,63     3,4    2,12
2, 12,0    1,64   87    2,0      1,28   3 05
2, 11,45   2,79   96    2,9      3,25   3,39
2, 11,56   5,08   119   3,18     2,08   3,12
2, 13,05   2,65   86    2,62     2,6    3,1 
2, 11,87   3,03   82    2,86     6,0    3,69
2, 12,42   2,13   102   2,2      2,8    3,64
2, 12,07   2,65   85    2,6      2,76   3,28
2, 12,43   3,15   86    2,74     3,94   2,84
2, 11,79   2,24   92    2,13     3,0    2,44
2, 12,37   2,45   88    2,22     2,12   2,78
2, 12,04   1,75   80    2,1      2,6    2,57
3, 12,51   0,58   85    2,0      5,45   1,51
3, 12,6    0,66   94    1,62     7,1    1,58
3, 12,25   0,47   89    1,38     3,85   1,27
3, 12,53   0,6    96    1,79     5,0    1,69
3, 12,84   0,6    101   2,32     4,92   2,15
3, 12,93   0,5    96    1,54     4,6    2,31
3, 13,36   0,5    89    1,4      5,6    2,47
3, 13,16   0,55   102   1,5      4,0    1,68
3, 12,87   0,65   86    1,7      7,65   1,86
3, 13,08   1,39   113   1,41     9,40   1,33
3, 13,5    1,57   123   1,4      8,60   1,3 
3, 12,79   1,36   112   1,48     10,8   1,47
3, 13,11   1,28   116   2,2      7,1    1,33
3, 13,23   0,83   98    1,8      10,52  1,51
3, 12,58   0,58   103   1,48     7,6    1,55
3, 13,17   0,63   93    1,74     7,9    1,48
3, 12,45   0,58   97    1,9      7,5    1,73
3, 13,69   0,56   107   1,83     5,88   1,82
3, 12,85   0,6    106   1,65     5,58   2,11
3, 12,96   0,7    106   1,39     5,28   1,75
3, 13,78   0,68   90    1,35     9,58   1,68
3, 13,73   0,47   88    1,28     6,62   1,75
3, 13,45   0,92   111   1,7      10,68  1,56
3, 12,82   0,66   88    1,48     10,26  1,75
3, 13,58   0,84   105   1,55     8,66   1,8 
3, 13,4    0,96   112   1,98     8,5    1,92
3, 12,2    0,49   96    1,25     5,5    1,83
3, 12,77   0,51   86    1,39     9,8    1,63
3, 13,71   0,61   95    1,68     7,7    1,74
3, 13,4    0,75   102   1,8      7,3    1,56
3, 13,27   0,69   120   1,59     10,2   1,56
3, 13,17   0,68   120   1,65     9,3    1,62
